<?xml version="1.0" encoding="UTF-8"?>
<document version="1.5.0">
  <chunk label="Chunk 1" enabled="true">
    <sensors next_id="1">
      <sensor id="0" label="Canon EOS 5DS R, EF24mm f/1.4L II USM (24mm)" type="frame">
        <resolution width="8734" height="5856"/>
        <property name="pixel_width" value="0.0042355260128913441"/>
        <property name="pixel_height" value="0.0042355260128913441"/>
        <property name="focal_length" value="24"/>
        <property name="layer_index" value="0"/>
        <bands>
          <band label="Red"/>
          <band label="Green"/>
          <band label="Blue"/>
        </bands>
        <data_type>uint8</data_type>
        <calibration type="frame" class="adjusted">
          <resolution width="8734" height="5856"/>
          <f>6335.2831796349992</f>
          <cx>13.05332784048843</cx>
          <cy>-37.775953958471206</cy>
          <b1>2.0013429760164145</b1>
          <b2>-1.4441104710805028</b2>
          <k1>-0.075873897615853655</k1>
          <k2>0.126932647235875</k2>
          <k3>-0.068583751990987429</k3>
          <p1>-8.4608594785267479e-05</p1>
          <p2>0.00023270672640219697</p2>
        </calibration>
        <covariance>
          <params>f cx cy b1 b2 k1 k2 k3 p1 p2</params>
          <coeffs>2.3465754029322959e-02 -1.4882223173686060e-03 -1.1080551216414040e-02 -6.1991192312389764e-04 -1.1807896950035347e-04 1.3851470397743600e-07 4.3116841262553448e-06 -3.8182129957652087e-06 -4.6263197671988211e-08 -3.3448136898423106e-07 -1.4882223173686060e-03 5.3004429289660463e-03 6.9392394346943316e-04 1.3940785223763954e-04 -3.0399613861787896e-04 -9.1011079512958324e-08 -3.3113884040888554e-08 -7.5479009242305693e-09 1.6870347899304090e-07 2.2982607758109283e-08 -1.1080551216414040e-02 6.9392394346943316e-04 1.2556449468626199e-02 4.5551968695330548e-04 1.6024692145625614e-04 -3.5078397509403060e-07 -1.1992342023591933e-06 1.0659021226905374e-06 2.0576448373388044e-08 4.4931343234770761e-07 -6.1991192312389764e-04 1.3940785223763954e-04 4.5551968695330548e-04 1.5475643096705489e-03 -2.9710463887415729e-07 -7.0658294596036616e-09 3.1385255069767561e-08 -8.8484423075091915e-09 1.9261687985413984e-10 9.4605150685490070e-09 -1.1807896950035347e-04 -3.0399613861787896e-04 1.6024692145625614e-04 -2.9710463887415729e-07 1.6818909643127496e-03 4.7126196801501230e-09 -1.7750516773358110e-08 1.4483270263566120e-08 -2.7268813181312543e-09 -2.8518579763918384e-09 1.3851470397743600e-07 -9.1011079512958324e-08 -3.5078397509403060e-07 -7.0658294596036616e-09 4.7126196801501230e-09 1.5851958737700534e-09 -5.2477500753839030e-09 5.3457096844664527e-09 -5.4763788745155011e-12 -2.4678798256220083e-11 4.3116841262553448e-06 -3.3113884040888554e-08 -1.1992342023591933e-06 3.1385255069767561e-08 -1.7750516773358110e-08 -5.2477500753839030e-09 2.0796615282977267e-08 -2.2249924673393350e-08 -1.1724697814654527e-13 -2.7728263514628999e-11 -3.8182129957652087e-06 -7.5479009242305693e-09 1.0659021226905374e-06 -8.8484423075091915e-09 1.4483270263566120e-08 5.3457096844664527e-09 -2.2249924673393350e-08 2.4953658881125037e-08 1.9513624561492983e-13 2.7704189906154205e-11 -4.6263197671988211e-08 1.6870347899304090e-07 2.0576448373388044e-08 1.9261687985413984e-10 -2.7268813181312543e-09 -5.4763788745155011e-12 -1.1724697814654527e-13 1.9513624561492983e-13 9.3241784972503094e-12 9.3322300924201028e-13 -3.3448136898423106e-07 2.2982607758109283e-08 4.4931343234770761e-07 9.4605150685490070e-09 -2.8518579763918384e-09 -2.4678798256220083e-11 -2.7728263514628999e-11 2.7704189906154205e-11 9.3322300924201028e-13 2.6076937866360276e-11</coeffs>
        </covariance>
      </sensor>
    </sensors>
    <cameras next_id="940" next_group_id="0">
      <camera id="0" sensor_id="0" label="0X7A5358">
        <transform>9.9034236656542907e-01 5.5881671328746080e-02 -1.2688276397955528e-01 3.4290029600878434e+01 5.3983641307790237e-02 -9.9837317328831787e-01 -1.8351384944089978e-02 -1.4910840645391301e+02 -1.2770185377173437e-01 1.1324560376469912e-02 -9.9174794725048065e-01 5.7785815544419783e+01 0 0 0 1</transform>
        <rotation_covariance>1.4867213109713305e-07 -2.5974703508650621e-08 -3.6608223394394205e-08 -2.5974703508650618e-08 2.6584054893339235e-08 2.8441681070191403e-09 -3.6608223394394205e-08 2.8441681070191403e-09 2.2246656664492116e-08</rotation_covariance>
        <location_covariance>1.3197839190005664e-04 -4.2157995949722077e-05 -1.9562527786729710e-04 -4.2157995949722077e-05 1.4957536390098190e-04 2.9206591066372758e-04 -1.9562527786729710e-04 2.9206591066372758e-04 9.3256462075419770e-04</location_covariance>
        <orientation>1</orientation>
      </camera>
      <camera id="1" sensor_id="0" label="0X7A5359">
        <transform>9.8704734499165847e-01 5.2972898028005033e-02 -1.5143120820832454e-01 3.4007378322330673e+01 4.5807216631250286e-02 -9.9767680341227560e-01 -5.0425140927533502e-02 -1.4911112421359110e+02 -1.5375056959054206e-01 4.2835359314221277e-02 -9.8718078098340500e-01 5.7552011166885293e+01 0 0 0 1</transform>
        <rotation_covariance>1.4665708031809027e-07 -2.5332447588421353e-08 -4.0742600054241695e-08 -2.5332447588421346e-08 2.6645740477737335e-08 3.8303137444555648e-09 -4.0742600054241695e-08 3.8303137444555657e-09 2.4525541499106630e-08</rotation_covariance>
        <location_covariance>1.3156583179522278e-04 -4.1534551717990567e-05 -1.9491643368351429e-04 -4.1534551717990567e-05 1.4791172916725777e-04 2.8987088291322871e-04 -1.9491643368351429e-04 2.8987088291322871e-04 9.3069224102354715e-04</location_covariance>
        <orientation>1</orientation>
      </camera>
      <camera id="2" sensor_id="0" label="0X7A5360">
        <transform>9.8697473768357458e-01 3.6379127102992376e-02 -1.5670809259787410e-01 3.3725524897218207e+01 3.8045527197579324e-02 -9.9924675167435550e-01 7.6463800917119240e-03 -1.4913250362445325e+02 -1.5631188385627565e-01 -1.3508825984259398e-02 -9.8761536368458203e-01 5.7574155421782521e+01 0 0 0 1</transform>
        <rotation_covariance>1.4541867867545518e-07 -2.8417729360074516e-08 -3.9493213268449173e-08 -2.8417729360074506e-08 2.7603195317618563e-08 4.0708741268564130e-09 -3.9493213268449179e-08 4.0708741268564138e-09 2.4367809398679425e-08</rotation_covariance>
        <location_covariance>1.3172994739992373e-04 -4.1691899850419043e-05 -1.9500278781260126e-04 -4.1691899850419043e-05 1.4826784887864969e-04 2.9036968503909301e-04 -1.9500278781260126e-04 2.9036968503909301e-04 9.2965059010938851e-04</location_covariance>
        <orientation>1</orientation>
      </camera>
      <camera id="3" sensor_id="0" label="0X7A5361">
        <transform>9.7034920520507995e-01 1.1578569779610713e-01 -2.1216996051217768e-01 3.3421628621884231e+01 1.1654813027234817e-01 -9.9314469059875954e-01 -8.9530366644702541e-03 -1.4982971792611852e+02 -2.1175210338480738e-01 -1.6040440186111254e-02 -9.7719176776656569e-01 5.7645460351004061e+01 0 0 0 1</transform>
        <rotation_covariance>1.4604781632484090e-07 -1.7875330905470070e-08 -4.7336726347134795e-08 -1.7875330905470067e-08 2.4098534797653090e-08 1.9467251310164379e-09 -4.7336726347134795e-08 1.9467251310164370e-09 2.9791292235349520e-08</rotation_covariance>
        <location_covariance>1.3343385111425199e-04 -4.2085893559629990e-05 -1.9771213958608944e-04 -4.2085893559629990e-05 1.5024247911074774e-04 2.9355914847061610e-04 -1.9771213958608944e-04 2.9355914847061610e-04 9.4349705969294813e-04</location_covariance>
        <orientation>1</orientation>
      </camera>
      <camera id="4" sensor_id="0" label="0X7A5362">
        <transform>9.8287695492049376e-01 1.7826488265848187e-01 -4.6631782048039028e-02 3.3118520715143582e+01 1.7537237595212310e-01 -9.8266304172398811e-01 -6.0148783717280073e-02 -1.5022278064841922e+02 -5.6545744659747432e-02 5.0940926969565495e-02 -9.9709959418322702e-01 5.7487958053189679e+01 0 0 0 1</transform>
        <rotation_covariance>1.6111449880649647e-07 -8.7294724327917423e-09 -2.8131446303128189e-08 -8.7294724327917407e-09 2.2568032883788788e-08 -2.0652809702518733e-09 -2.8131446303128186e-08 -2.0652809702518729e-09 1.7685230842689776e-08</rotation_covariance>
        <location_covariance>1.3403214287620351e-04 -4.1765705111728612e-05 -1.9865039483747237e-04 -4.1765705111728612e-05 1.4991783498875257e-04 2.9357421823945006e-04 -1.9865039483747237e-04 2.9357421823945006e-04 9.5028121777720727e-04</location_covariance>
        <orientation>1</orientation>
      </camera>
      <camera id="5" sensor_id="0" label="0X7A5363">
        <transform>9.8579610155294994e-01 1.6759338077330743e-01 -1.0885994854821951e-02 3.3301598775585155e+01 1.6422392650634404e-01 -9.7548989054987600e-01 -1.4645810116831931e-01 -1.4982031450735761e+02 -3.5164586245894511e-02 1.4259008435359005e-01 -9.8915697425544702e-01 5.7323641540122168e+01 0 0 0 1</transform>
        <rotation_covariance>1.6196736458471492e-07 -8.5129968206318735e-09 -2.5970013947810212e-08 -8.5129968206318719e-09 2.2922717219882691e-08 -1.3351689418622585e-09 -2.5970013947810212e-08 -1.3351689418622585e-09 1.6151387313739963e-08</rotation_covariance>
        <location_covariance>1.3279325561844056e-04 -4.1175285052251434e-05 -1.9674248758042424e-04 -4.1175285052251434e-05 1.4780782760230422e-04 2.9045098676482506e-04 -1.9674248758042424e-04 2.9045098676482506e-04 9.4203731190739201e-04</location_covariance>
        <orientation>1</orientation>
      </camera>
      <camera id="6" sensor_id="0" label="0X7A5364">
        <transform>9.8455175208611867e-01 1.7129812180219656e-01 3.6260183827366566e-02 3.3277479409895108e+01 1.7481297694340653e-01 -9.7338821502108852e-01 -1.4817491673776328e-01 -1.4980062669248514e+02 9.9131506766811928e-03 1.5222462456875649e-01 -9.8829620717604838e-01 5.7388601250458130e+01 0 0 0 1</transform>
        <rotation_covariance>1.6433198683869628e-07 -7.9248276807816061e-09 -1.9291297383179192e-08 -7.9248276807816028e-09 2.2933154803333019e-08 -1.6841213304927925e-09 -1.9291297383179189e-08 -1.6841213304927913e-09 1.4044816447508773e-08</rotation_covariance>
        <location_covariance>1.3289255671582141e-04 -4.1379110065939129e-05 -1.9682972538127917e-04 -4.1379110065939129e-05 1.4831712392156883e-04 2.9112005597111074e-04 -1.9682972538127917e-04 2.9112005597111074e-04 9.4156819524859479e-04</location_covariance>
        <orientation>1</orientation>
      </camera>
      <camera id="7" sensor_id="0" label="0X7A5365">
        <transform>9.7378964162232484e-01 2.1694253384443130e-01 6.8334990145764496e-02 3.3045047778721326e+01 2.2450547665724624e-01 -9.6496605413938707e-01 -1.3578588037628753e-01 -1.5001720578404448e+02 3.6483212851483607e-02 1.4756846332404000e-01 -9.8837873500607787e-01 5.7615989477595697e+01 0 0 0 1</transform>
        <rotation_covariance>1.6656190377810495e-07 -1.3102261178779914e-09 -1.4169648904587884e-08 -1.3102261178779788e-09 2.2611042948725119e-08 -2.6453729080792844e-09 -1.4169648904587881e-08 -2.6453729080792857e-09 1.3001135974448515e-08</rotation_covariance>
        <location_covariance>1.3388818809473554e-04 -4.2167240125797194e-05 -1.9819983029883484e-04 -4.2167240125797194e-05 1.5065082369040861e-04 2.9440648036854690e-04 -1.9819983029883484e-04 2.9440648036854690e-04 9.4546117768345604e-04</location_covariance>
        <orientation>1</orientation>
      </camera>
      <camera id="8" sensor_id="0" label="0X7A5366">
        <transform>9.7748150690797986e-01 2.0726761097938071e-01 3.9623744040713817e-02 3.2458313352156324e+01 2.0920663475315743e-01 -9.7641027395864999e-01 -5.3437448322802727e-02 -1.4954718075275375e+02 2.7613178523359667e-02 6.0523667658968938e-02 -9.9778474533585826e-01 5.7650172109574449e+01 0 0 0 1</transform>
        <rotation_covariance>1.6373225028010091e-07 -4.3395545430134735e-09 -1.5681727321115805e-08 -4.3395545430134768e-09 2.2251853184765430e-08 -3.2163640362654690e-09 -1.5681727321115805e-08 -3.2163640362654686e-09 1.3861920149400205e-08</rotation_covariance>
        <location_covariance>1.3305733841202508e-04 -4.2306491883606394e-05 -1.9622429648959958e-04 -4.2306491883606394e-05 1.5038043538125222e-04 2.9356582213909744e-04 -1.9622429648959958e-04 2.9356582213909744e-04 9.3192945630411110e-04</location_covariance>
        <orientation>1</orientation>
      </camera>
      <camera id="9" sensor_id="0" label="0X7A5367">
        <transform>9.7708417659201452e-01 1.7663833561725231e-01 1.1876619992182426e-01 3.2118775021551706e+01 1.7781653083479212e-01 -9.8406341728591162e-01 6.8711094655963048e-04 -1.4883993806207860e+02 1.1699484268711691e-01 2.0447228417083671e-02 -9.9292200984502088e-01 5.7562378779817955e+01 0 0 0 1</transform>
        <rotation_covariance>1.6335592112693541e-07 -9.6048758393460725e-09 -2.5253451977153589e-09 -9.6048758393460758e-09 2.2429378997835609e-08 -3.8527993905671743e-09 -2.5253451977153614e-09 -3.8527993905671751e-09 1.2511528431951646e-08</rotation_covariance>
        <location_covariance>1.3144385842776056e-04 -4.2024866213295918e-05 -1.9316606001083277e-04 -4.2024866213295918e-05 1.4873203455870792e-04 2.9063858102325898e-04 -1.9316606001083277e-04 2.9063858102325898e-04 9.1454067156338480e-04</location_covariance>
        <orientation>1</orientation>
      </camera>
      <camera id="10" sensor_id="0" label="0X7A5368">
        <transform>9.7014410541674723e-01 2.0015398345634489e-01 1.3696276001780927e-01 3.1692042535231078e+01 2.0108695570537966e-01 -9.7954742230905434e-01 7.1332806498069709e-03 -1.4809391568436831e+02 1.3558927306494967e-01 2.0621114282294281e-02 -9.9055051293484042e-01 5.7469951348788328e+01 0 0 0 1</transform>
        <rotation_covariance>1.6219993008893356e-07 -6.2016903368178740e-09 2.3815901987695452e-10 -6.2016903368178823e-09 2.2086884392697266e-08 -4.0345985651070465e-09 2.3815901987694893e-10 -4.0345985651070473e-09 1.2452425628360411e-08</rotation_covariance>
        <location_covariance>1.2981082129672605e-04 -4.1732242560164215e-05 -1.8995768817591411e-04 -4.1732242560164215e-05 1.4701147596747228e-04 2.8754624288452132e-04 -1.8995768817591411e-04 2.8754624288452132e-04 8.9612086618564158e-04</location_covariance>
        <orientation>1</orientation>
      </camera>
      <camera id="11" sensor_id="0" label="0X7A5369">
        <transform>9.7706139428707628e-01 1.7314400451958228e-01 1.2398461796818622e-01 3.1654040900905748e+01 1.7636875052001022e-01 -9.8420307450012157e-01 -1.5439300000958693e-02 -1.4682190947481351e+02 1.1935281996586664e-01 3.6952156140502943e-02 -9.9216401996986503e-01 5.7173436688878532e+01 0 0 0 1</transform>
        <rotation_covariance>1.6017369314990020e-07 -9.8483444683808876e-09 -2.6919893511169032e-09 -9.8483444683808975e-09 2.2680249288848027e-08 -3.6744327163904860e-09 -2.6919893511169024e-09 -3.6744327163904855e-09 1.2319617079980508e-08</rotation_covariance>
        <location_covariance>1.2663400971037338e-04 -4.0705757882673967e-05 -1.8458456820517571e-04 -4.0705757882673967e-05 1.4276821499185514e-04 2.8058895297850570e-04 -1.8458456820517571e-04 2.8058895297850570e-04 8.6861437635082418e-04</location_covariance>
        <orientation>1</orientation>
      </camera>
      <camera id="12" sensor_id="0" label="0X7A5370">
        <transform>9.6773955067727102e-01 2.0496115648760146e-01 1.4653015521120344e-01 3.1630742535051525e+01 2.0954564465650685e-01 -9.7766133277254852e-01 -1.6399427029420835e-02 -1.4600195402178898e+02 1.3989562130546951e-01 4.6575129980165900e-02 -9.8907025655758507e-01 5.6942830420636490e+01 0 0 0 1</transform>
        <rotation_covariance>1.5967903723494533e-07 -5.5420279637237328e-09 5.6818610612740685e-10 -5.5420279637237278e-09 2.2477605853131542e-08 -3.8236808396378316e-09 5.6818610612740726e-10 -3.8236808396378307e-09 1.2232227571990989e-08</rotation_covariance>
        <location_covariance>1.2456712563247639e-04 -3.9922761596960784e-05 -1.8110940649671708e-04 -3.9922761596960784e-05 1.3983245714149314e-04 2.7583229424838000e-04 -1.8110940649671708e-04 2.7583229424838000e-04 8.5119751394516240e-04</location_covariance>
        <orientation>1</orientation>
      </camera>
      <camera id="13" sensor_id="0" label="0X7A5371">
        <transform>9.6942136331892370e-01 2.0629185754564994e-01 1.3291309134635607e-01 3.1206219966469138e+01 2.1067508238115173e-01 -9.7735861888490161e-01 -1.9650439055995068e-02 -1.4516984690671219e+02 1.2585002981554849e-01 4.7051031888405259e-02 -9.9093287885389170e-01 5.6949433472704499e+01 0 0 0 1</transform>
        <rotation_covariance>1.5835744244719190e-07 -5.1623269186330905e-09 -1.5945699249476636e-09 -5.1623269186330888e-09 2.2519752578380470e-08 -3.7731442176533691e-09 -1.5945699249476639e-09 -3.7731442176533691e-09 1.2248568716311199e-08</rotation_covariance>
        <location_covariance>1.2303796737564535e-04 -3.9938786213990189e-05 -1.7805918315381370e-04 -3.9938786213990189e-05 1.3891405542332328e-04 2.7359312980208226e-04 -1.7805918315381370e-04 2.7359312980208226e-04 8.3211277946926027e-04</location_covariance>
        <orientation>1</orientation>
      </camera>
      <camera id="14" sensor_id="0" label="0X7A5372">
        <transform>9.7408746460715867e-01 1.8726615460027324e-01 1.2682664797440971e-01 3.0960068043748901e+01 1.9745574040657407e-01 -9.7758253192480227e-01 -7.3100094774110280e-02 -1.4409232038325359e+02 1.1029434199309593e-01 9.6248535660127046e-02 -9.8922766717656607e-01 5.6828074099408781e+01 0 0 0 1</transform>
        <rotation_covariance>1.5704231016018682e-07 -6.4806832366281798e-09 -4.4191732821806788e-09 -6.4806832366281864e-09 2.3158936212163733e-08 -3.2323772874658545e-09 -4.4191732821806779e-09 -3.2323772874658537e-09 1.1954010536966654e-08</rotation_covariance>
        <location_covariance>1.2075146402982342e-04 -3.9491207463628544e-05 -1.7392968505533564e-04 -3.9491207463628544e-05 1.3663775593455402e-04 2.6933129355889463e-04 -1.7392968505533564e-04 2.6933129355889463e-04 8.0914106495059567e-04</location_covariance>
        <orientation>1</orientation>
      </camera>
      <camera id="15" sensor_id="0" label="0X7A5373">
        <transform>9.7373476663125802e-01 1.7171324712558284e-01 1.4951643727416208e-01 3.0803243171824462e+01 1.8099884629644453e-01 -9.8217126649597553e-01 -5.0784061565098196e-02 -1.4289457068927823e+02 1.3813045244596128e-01 7.6512508985656175e-02 -9.8745420859693256e-01 5.6931348435011628e+01 0 0 0 1</transform>
        <rotation_covariance>1.5556184357066501e-07 -8.8200522790620725e-09 -6.1148467001107177e-10 -8.8200522790620692e-09 2.3310304246227170e-08 -3.8220374484088682e-09 -6.1148467001107322e-10 -3.8220374484088682e-09 1.1871639237922212e-08</rotation_covariance>
        <location_covariance>1.1868002418353280e-04 -3.9671951785823834e-05 -1.7000752357216749e-04 -3.9671951785823834e-05 1.3603011678351307e-04 2.6685382007427802e-04 -1.7000752357216749e-04 2.6685382007427802e-04 7.8487386906988860e-04</location_covariance>
        <orientation>1</orientation>
      </camera>
      <camera id="16" sensor_id="0" label="0X7A5374">
        <transform>9.7244797471600897e-01 1.7831302476422700e-01 1.5016458194316012e-01 3.0615539816938991e+01 1.8800865119214602e-01 -9.8073946212463725e-01 -5.2941991919340479e-02 -1.4172021229504108e+02 1.3783208460892507e-01 7.9715573327360040e-02 -9.8724249494308569e-01 5.6867923227218043e+01 0 0 0 1</transform>
        <rotation_covariance>1.5377766132968611e-07 -7.8610926204137188e-09 -6.3905922836102779e-10 -7.8610926204137221e-09 2.3125256612855868e-08 -3.9434676232552824e-09 -6.3905922836103172e-10 -3.9434676232552833e-09 1.1829034506685484e-08</rotation_covariance>
        <location_covariance>1.1633022858947252e-04 -3.9354001456829689e-05 -1.6572376748082059e-04 -3.9354001456829689e-05 1.3414392415063423e-04 2.6278897425346481e-04 -1.6572376748082059e-04 2.6278897425346481e-04 7.6127914533980650e-04</location_covariance>
        <orientation>1</orientation>
      </camera>
      <camera id="17" sensor_id="0" label="0X7A5375">
        <transform>9.7355198796624309e-01 1.8132514336777900e-01 1.3898819773502241e-01 3.0498253899988729e+01 1.9204533581491989e-01 -9.7903140981682291e-01 -6.7941795559285534e-02 -1.4095939346312491e+02 1.2375425535596651e-01 9.2836905241071493e-02 -9.8796062335831503e-01 5.6818882943699101e+01 0 0 0 1</transform>
        <rotation_covariance>1.5242110790601879e-07 -7.1507745625022343e-09 -2.6485841978129105e-09 -7.1507745625022352e-09 2.3088594298848198e-08 -3.7485050522763088e-09 -2.6485841978129110e-09 -3.7485050522763080e-09 1.1765950077716737e-08</rotation_covariance>
        <location_covariance>1.1481146917863210e-04 -3.9106211594509595e-05 -1.6296844890389373e-04 -3.9106211594509595e-05 1.3282891790658324e-04 2.6001755171023915e-04 -1.6296844890389373e-04 2.6001755171023915e-04 7.4629953764828773e-04</location_covariance>
        <orientation>1</orientation>
      </camera>
      <camera id="18" sensor_id="0" label="0X7A5376">
        <transform>9.7768315315815468e-01 1.7313213881847334e-01 1.1899964091907567e-01 3.0237250203780253e+01 1.8635478479425743e-01 -9.7621861395713672e-01 -1.1076602343630451e-01 -1.4008820122998600e+02 9.6992505973472531e-02 1.3047022753006490e-01 -9.8669649513578317e-01 5.6751800673789262e+01 0 0 0 1</transform>
        <rotation_covariance>1.5087475969523395e-07 -7.2560203417102950e-09 -6.7770796587428191e-09 -7.2560203417102991e-09 2.3410621846879653e-08 -3.1361150584638826e-09 -6.7770796587428142e-09 -3.1361150584638822e-09 1.1737327697948992e-08</rotation_covariance>
        <location_covariance>1.1310451871816387e-04 -3.8827960665056611e-05 -1.5973539559441905e-04 -3.8827960665056611e-05 1.3135347254386077e-04 2.5684853346251288e-04 -1.5973539559441905e-04 2.5684853346251288e-04 7.2884001952020524e-04</location_covariance>
        <orientation>1</orientation>
      </camera>
      <camera id="19" sensor_id="0" label="0X7A5377">
        <transform>9.9120806970624520e-01 1.2375563298971172e-01 4.6809249647212198e-02 3.0055327732597959e+01 1.2982021511245515e-01 -9.7798412899718934e-01 -1.6338223642050134e-01 -1.3950252998672659e+02 2.5559231157746942e-02 1.6802257804510837e-01 -9.8545174360275001e-01 5.6603980044533792e+01 0 0 0 1</transform>
        <rotation_covariance>1.4746543713103724e-07 -1.2050889763430128e-08 -1.8025253615511839e-08 -1.2050889763430125e-08 2.4494344304281953e-08 -1.3985722566395744e-09 -1.8025253615511842e-08 -1.3985722566395744e-09 1.3507002032134233e-08</rotation_covariance>
        <location_covariance>1.1176309513804388e-04 -3.8349906195846825e-05 -1.5731603614771585e-04 -3.8349906195846825e-05 1.2961615148428604e-04 2.5380787364068041e-04 -1.5731603614771585e-04 2.5380787364068041e-04 7.1711116832338419e-04</location_covariance>
        <orientation>1</orientation>
      </camera>
      <camera id="20" sensor_id="0" label="0X7A5378">
        <transform>9.9498964844277660e-01 9.9336143098135571e-02 1.1310621826700257e-02 2.9937558601819152e+01 9.9858076375012983e-02 -9.8187676410858427e-01 -1.6107881513823546e-01 -1.3895718554131184e+02 -4.8953114713936041e-03 1.6140121058419127e-01 -9.8687673249882424e-01 5.6644287650741774e+01 0 0 0 1</transform>
        <rotation_covariance>1.4427899054228498e-07 -1.4854008890518675e-08 -2.2463202828295161e-08 -1.4854008890518674e-08 2.5074544477268928e-08 -5.4608512793611710e-10 -2.2463202828295161e-08 -5.4608512793611917e-10 1.4913838853892242e-08</rotation_covariance>
        <location_covariance>1.1085921531152806e-04 -3.8381603693499308e-05 -1.5554450599448028e-04 -3.8381603693499308e-05 1.2928657203266261e-04 2.5250183739225886e-04 -1.5554450599448028e-04 2.5250183739225886e-04 7.0677423015940192e-04</location_covariance>
        <orientation>1</orientation>
      </camera>
      <camera id="21" sensor_id="0" label="0X7A5379">
        <transform>9.9423908961153495e-01 1.0493168178532471e-01 2.1862635845860040e-02 2.9989425529223716e+01 1.0705995719913612e-01 -9.8205244064069652e-01 -1.5527771699818971e-01 -1.3839811089528808e+02 5.1767029028598824e-03 1.5672378884315619e-01 -9.8762890589416263e-01 5.6375015738606344e+01 0 0 0 1</transform>
        <rotation_covariance>1.4401853851968429e-07 -1.4547424341254916e-08 -2.0871909696280595e-08 -1.4547424341254919e-08 2.4906832701114200e-08 -8.4131940335313126e-10 -2.0871909696280598e-08 -8.4131940335313126e-10 1.4426056167463768e-08</rotation_covariance>
        <location_covariance>1.0931740723059386e-04 -3.7576593209755271e-05 -1.5318792184538277e-04 -3.7576593209755271e-05 1.2664323250016830e-04 2.4849838854321056e-04 -1.5318792184538277e-04 2.4849838854321056e-04 6.9669698619944547e-04</location_covariance>
        <orientation>1</orientation>
      </camera>
      <camera id="22" sensor_id="0" label="0X7A5380">
        <transform>9.9237037616905122e-01 1.0648911606271279e-01 6.2137787716311538e-02 3.0084116148258783e+01 1.1850669257682801e-01 -9.6290610951964140e-01 -2.4242109657422445e-01 -1.3757245361925166e+02 3.4017647134928206e-02 2.4793525850497872e-01 -9.6817917105950624e-01 5.5600262543315701e+01 0 0 0 1</transform>
        <rotation_covariance>1.4483334828365908e-07 -1.2624108298396392e-08 -1.8039655150301802e-08 -1.2624108298396389e-08 2.4877218475974526e-08 -2.6633635525619617e-10 -1.8039655150301795e-08 -2.6633635525619575e-10 1.3088391264641657e-08</rotation_covariance>
        <location_covariance>1.0634798110696710e-04 -3.5420789967673906e-05 -1.4891172180529685e-04 -3.5420789967673906e-05 1.2010897257894980e-04 2.3950571330521943e-04 -1.4891172180529685e-04 2.3950571330521943e-04 6.8162690600976727e-04</location_covariance>
        <orientation>1</orientation>
      </camera>
      <camera id="23" sensor_id="0" label="0X7A5381">
        <transform>9.7970525184410451e-01 1.3841185855003668e-01 1.4498198826683628e-01 2.9977465043407058e+01 1.7391830176766382e-01 -9.4657700859692040e-01 -2.7155918527267253e-01 -1.3669114646689187e+02 9.9649605214131340e-02 2.9126298118441096e-01 -9.5143882198081309e-01 5.4830323183027907e+01 0 0 0 1</transform>
        <rotation_covariance>1.4630505049729220e-07 -8.4044814583031918e-09 -8.0007085595284131e-09 -8.4044814583031852e-09 2.4203224955831090e-08 -1.0101057417445400e-09 -8.0007085595284131e-09 -1.0101057417445409e-09 1.0973612228326587e-08</rotation_covariance>
        <location_covariance>1.0339135796320880e-04 -3.3392238119765166e-05 -1.4443045228359214e-04 -3.3392238119765166e-05 1.1390807584350096e-04 2.3074426770608176e-04 -1.4443045228359214e-04 2.3074426770608176e-04 6.6499363573013705e-04</location_covariance>
        <orientation>1</orientation>
      </camera>
      <camera id="24" sensor_id="0" label="0X7A5382">
        <transform>9.6826153636780377e-01 1.3856137120328388e-01 2.0801524848175398e-01 2.9769246724114300e+01 1.9252283115475166e-01 -9.4421473030409586e-01 -2.6719562601383023e-01 -1.3620709869635479e+02 1.5938806942434286e-01 2.9876293191597447e-01 -9.4092303289809587e-01 5.4229794928192980e+01 0 0 0 1</transform>
        <rotation_covariance>1.4595650198037031e-07 -8.4570733512430823e-09 3.7985169332715200e-10 -8.4570733512430823e-09 2.4296835861329347e-08 -1.4999072151646571e-09 3.7985169332715035e-10 -1.4999072151646567e-09 1.0467611951862119e-08</rotation_covariance>
        <location_covariance>1.0149468019776736e-04 -3.1907219947382381e-05 -1.4150401343074082e-04 -3.1907219947382381e-05 1.0953895859928881e-04 2.2470228198817350e-04 -1.4150401343074082e-04 2.2470228198817350e-04 6.5511590636477062e-04</location_covariance>
        <orientation>1</orientation>
      </camera>
      <camera id="25" sensor_id="0" label="0X7A5383">
        <transform>9.7099819975427049e-01 1.5832735736667664e-01 1.7915061814922600e-01 2.9520417225864247e+01 2.0166569977147505e-01 -9.4486659067801593e-01 -2.5798851012435664e-01 -1.3557864142209056e+02 1.2842679474956259e-01 2.8663491366159199e-01 -9.4939295587262784e-01 5.3939948849793346e+01 0 0 0 1</transform>
        <rotation_covariance>1.4445436024662451e-07 -5.9370045527371062e-09 -3.2730940465051189e-09 -5.9370045527371103e-09 2.3857954774891908e-08 -1.5562328660230499e-09 -3.2730940465051189e-09 -1.5562328660230487e-09 1.0571527475898639e-08</rotation_covariance>
        <location_covariance>9.9920614579103394e-05 -3.1180497023897248e-05 -1.3882256629999632e-04 -3.1180497023897248e-05 1.0712658239914683e-04 2.2082164859809665e-04 -1.3882256629999632e-04 2.2082164859809665e-04 6.4307006365235306e-04</location_covariance>
        <orientation>1</orientation>
      </camera>
      <camera id="26" sensor_id="0" label="0X7A5384">
        <transform>9.7239973324626749e-01 1.2578565643821921e-01 1.9651139258830100e-01 2.9519361527644332e+01 1.7066244158024288e-01 -9.5776487124865806e-01 -2.3143202551918263e-01 -1.3461181689480017e+02 1.5910087937047163e-01 2.5858155393695015e-01 -9.5279719255836115e-01 5.3577372757404163e+01 0 0 0 1</transform>
        <rotation_covariance>1.4201297304801597e-07 -1.0294972408524865e-08 -4.8550299585753466e-10 -1.0294972408524865e-08 2.4333968007706668e-08 -1.9760727876780577e-09 -4.8550299585753383e-10 -1.9760727876780585e-09 1.0533974302094433e-08</rotation_covariance>
        <location_covariance>9.7591892222964843e-05 -3.0173121602707451e-05 -1.3511035829353576e-04 -3.0173121602707451e-05 1.0386856404711486e-04 2.1541836093242950e-04 -1.3511035829353576e-04 2.1541836093242950e-04 6.2653894924806616e-04</location_covariance>
        <orientation>1</orientation>
      </camera>
      <camera id="27" sensor_id="0" label="0X7A5385">
        <transform>9.7004145505108652e-01 1.2128705646347529e-01 2.1049709123119884e-01 2.9510523416004684e+01 1.6403974749119304e-01 -9.6611486809137270e-01 -1.9928126579238559e-01 -1.3374470416096764e+02 1.7919413139217349e-01 2.2784097872686454e-01 -9.5706737050606283e-01 5.3135476679961052e+01 0 0 0 1</transform>
        <rotation_covariance>1.4031921306550829e-07 -1.1440281375071283e-08 1.9234041367818183e-09 -1.1440281375071287e-08 2.4494793294345569e-08 -2.6203567483157945e-09 1.9234041367818179e-09 -2.6203567483157941e-09 1.0672798154123408e-08</rotation_covariance>
        <location_covariance>9.5339196814590846e-05 -2.9024739738578039e-05 -1.3158616839348860e-04 -2.9024739738578039e-05 1.0032943211382048e-04 2.0973776620258636e-04 -1.3158616839348860e-04 2.0973776620258636e-04 6.1182867522783201e-04</location_covariance>
        <orientation>1</orientation>
      </camera>
      <camera id="28" sensor_id="0" label="0X7A5386">
        <transform>9.5872710060190081e-01 1.3894493352083984e-01 2.4806582195127538e-01 2.9133281449191575e+01 1.8241097333984960e-01 -9.6982247857024340e-01 -1.6177328847828248e-01 -1.3260180343615212e+02 2.1810223148028798e-01 2.0034636385210058e-01 -9.5514017354237613e-01 5.2556400957240960e+01 0 0 0 1</transform>
        <rotation_covariance>1.3917410024014196e-07 -9.4786616395707982e-09 6.9190056422367279e-09 -9.4786616395708015e-09 2.4332904185533104e-08 -3.5305833777712505e-09 6.9190056422367196e-09 -3.5305833777712510e-09 1.1242004621346682e-08</rotation_covariance>
        <location_covariance>9.2558145546384044e-05 -2.7709547533008775e-05 -1.2691667132238953e-04 -2.7709547533008775e-05 9.6126454942245071e-05 2.0268310926819792e-04 -1.2691667132238953e-04 2.0268310926819792e-04 5.9149944085483625e-04</location_covariance>
        <orientation>1</orientation>
      </camera>
      <camera id="29" sensor_id="0" label="0X7A5387">
        <transform>9.6340721040115695e-01 1.2973556231751165e-01 2.3455325795482024e-01 2.8688311665333114e+01 1.6659062897226407e-01 -9.7533919434473559e-01 -1.4477920539079076e-01 -1.3161430697431436e+02 2.0998597402133051e-01 1.7855570515982480e-01 -9.6126154134511788e-01 5.2034449047234766e+01 0 0 0 1</transform>
        <rotation_covariance>1.3681031052652768e-07 -1.0380100734880782e-08 5.0899867609203552e-09 -1.0380100734880780e-08 2.4704374249004960e-08 -3.7915463453552091e-09 5.0899867609203635e-09 -3.7915463453552091e-09 1.1233031258573336e-08</rotation_covariance>
        <location_covariance>9.0208916304459745e-05 -2.6585893075015355e-05 -1.2285840645918209e-04 -2.6585893075015355e-05 9.2435361280233884e-05 1.9661250734381568e-04 -1.2285840645918209e-04 1.9661250734381568e-04 5.7386081206084330e-04</location_covariance>
        <orientation>1</orientation>
      </camera>
      <camera id="30" sensor_id="0" label="0X7A5388">
        <transform>9.4996614763010778e-01 1.4919804402245948e-01 2.7441622039647234e-01 2.8299009461748962e+01 1.9345787721986532e-01 -9.7079361050424606e-01 -1.4189367690533033e-01 -1.3072429848104588e+02 2.4523125432619014e-01 1.8788216909542788e-01 -9.5108460319658295e-01 5.1643381480055112e+01 0 0 0 1</transform>
        <rotation_covariance>1.3414712568227307e-07 -7.9988328922760247e-09 1.0002195212002191e-08 -7.9988328922760264e-09 2.4563890943913554e-08 -3.9932009751693244e-09 1.0002195212002191e-08 -3.9932009751693244e-09 1.1782947254358482e-08</rotation_covariance>
        <location_covariance>8.8281782259934404e-05 -2.5782553722216165e-05 -1.1946423980036559e-04 -2.5782553722216165e-05 8.9565562842262896e-05 1.9177136334080683e-04 -1.1946423980036559e-04 1.9177136334080683e-04 5.5848286081866658e-04</location_covariance>
        <orientation>1</orientation>
      </camera>
      <camera id="31" sensor_id="0" label="0X7A5389">
        <transform>9.4150600048879607e-01 1.5130431328407645e-01 3.0112033445987407e-01 2.8084422351166964e+01 1.9645203571470241e-01 -9.7243281712170970e-01 -1.2562250534153765e-01 -1.2995171337642765e+02 2.7381206822772008e-01 1.7743004527522738e-01 -9.4527537274938533e-01 5.1358988492322247e+01 0 0 0 1</transform>
        <rotation_covariance>1.3105227631347596e-07 -8.3018913027980350e-09 1.3506886745076174e-08 -8.3018913027980350e-09 2.4425334323704125e-08 -4.4551469156537319e-09 1.3506886745076182e-08 -4.4551469156537310e-09 1.2562734924818649e-08</rotation_covariance>
        <location_covariance>8.6685590636804508e-05 -2.5201944193621490e-05 -1.1675484331074564e-04 -2.5201944193621490e-05 8.7355814844614505e-05 1.8792948240687002e-04 -1.1675484331074564e-04 1.8792948240687002e-04 5.4589666084257189e-04</location_covariance>
        <orientation>1</orientation>
      </camera>
      <camera id="32" sensor_id="0" label="0X7A5390">
        <transform>9.3902926554037780e-01 1.6075745673118202e-01 3.0394255800072190e-01 2.7769230467603226e+01 2.0839068248947173e-01 -9.6920549985971083e-01 -1.3120221984882638e-01 -1.2890550472943991e+02 2.7349106367534615e-01 1.8654152124127682e-01 -9.4361268481444160e-01 5.0660458048286493e+01 0 0 0 1</transform>
        <rotation_covariance>1.2911520636048095e-07 -7.0834118812025905e-09 1.3530811838187005e-08 -7.0834118812025905e-09 2.4589800020559173e-08 -4.3128960326848874e-09 1.3530811838187003e-08 -4.3128960326848882e-09 1.2615514832163601e-08</rotation_covariance>
        <location_covariance>8.4057688978636430e-05 -2.3781938632884611e-05 -1.1246981899573925e-04 -2.3781938632884611e-05 8.2822120724623008e-05 1.8072753929815579e-04 -1.1246981899573925e-04 1.8072753929815579e-04 5.2881447251703901e-04</location_covariance>
        <orientation>1</orientation>
      </camera>
      <camera id="33" sensor_id="0" label="0X7A5391">
        <transform>9.2239555960334041e-01 1.4652511480156447e-01 3.5737490448607012e-01 2.7556498036740084e+01 2.0552637178701288e-01 -9.6958052325645361e-01 -1.3293802850128544e-01 -1.2765565881175233e+02 3.2702498700268434e-01 1.9607141467876024e-01 -9.2445154455047762e-01 4.9846170256593929e+01 0 0 0 1</transform>
        <rotation_covariance>1.2524393645300917e-07 -7.8306525794800189e-09 1.8656021210640820e-08 -7.8306525794800156e-09 2.5303908864964297e-08 -4.7606449924130528e-09 1.8656021210640820e-08 -4.7606449924130520e-09 1.4217564564035255e-08</rotation_covariance>
        <location_covariance>8.0898081968011531e-05 -2.2154268682864018e-05 -1.0741488159655955e-04 -2.2154268682864018e-05 7.7804038431611710e-05 1.7264820620514949e-04 -1.0741488159655955e-04 1.7264820620514949e-04 5.0949533762718825e-04</location_covariance>
        <orientation>1</orientation>
      </camera>
      <camera id="34" sensor_id="0" label="0X7A5392">
        <transform>8.6572367838381392e-01 1.6833714112540510e-01 4.7136516587813770e-01 2.7299434295391730e+01 2.1538500961021717e-01 -9.7538560636639748e-01 -4.7246338783674041e-02 -1.2683601281727933e+02 4.5180948454055908e-01 1.4242726498455452e-01 -8.8067171174519598e-01 4.9114196993943459e+01 0 0 0 1</transform>
        <rotation_covariance>1.1632699654156017e-07 -6.2214431881599772e-09 3.2346761657642718e-08 -6.2214431881599763e-09 2.4605424310198921e-08 -6.0980995914468935e-09 3.2346761657642711e-08 -6.0980995914468926e-09 2.1434242413274200e-08</rotation_covariance>
        <location_covariance>7.8581085276034049e-05 -2.0825197349764878e-05 -1.0385921476851028e-04 -2.0825197349764878e-05 7.3689237003540917e-05 1.6622947997859899e-04 -1.0385921476851028e-04 1.6622947997859899e-04 4.9654814675606138e-04</location_covariance>
        <orientation>1</orientation>
      </camera>
      <camera id="35" sensor_id="0" label="0X7A5393">
        <transform>8.5030308778323394e-01 1.5853422313394125e-01 5.0184814336770733e-01 2.7079834316075427e+01 2.3803346469417647e-01 -9.6629438629478892e-01 -9.8057272554677860e-02 -1.2622832551833504e+02 4.6938761018158931e-01 2.0283505394900062e-01 -8.5937955077923645e-01 4.8364187423131895e+01 0 0 0 1</transform>
        <rotation_covariance>1.1501440886898008e-07 -6.0406617169754045e-09 3.4195551573035454e-08 -6.0406617169754028e-09 2.5012510716176746e-08 -5.2501748871370472e-09 3.4195551573035454e-08 -5.2501748871370505e-09 2.2247959371283140e-08</rotation_covariance>
        <location_covariance>7.6590389384960443e-05 -1.9490390537246474e-05 -1.0085335652369791e-04 -1.9490390537246474e-05 6.9772690384288158e-05 1.6019135209132179e-04 -1.0085335652369791e-04 1.6019135209132179e-04 4.8689349316743925e-04</location_covariance>
        <orientation>1</orientation>
      </camera>
      <camera id="36" sensor_id="0" label="0X7A5394">
        <transform>8.2115781868494120e-01 1.7182214798598935e-01 5.4422144966370922e-01 2.6943365989451760e+01 2.8041558007888001e-01 -9.5202529828849192e-01 -1.2253543923180957e-01 -1.2550215686138166e+02 4.9705828557787224e-01 2.5322910749001204e-01 -8.2994462457334917e-01 4.7860399370261511e+01 0 0 0 1</transform>
        <rotation_covariance>1.1194539481428024e-07 -3.9692018405061351e-09 3.7892358311558459e-08 -3.9692018405061268e-09 2.5056297284465948e-08 -4.0637417318537067e-09 3.7892358311558466e-08 -4.0637417318537084e-09 2.4923802109209343e-08</rotation_covariance>
        <location_covariance>7.4815125492878873e-05 -1.8603855498154293e-05 -9.8100430723390656e-05 -1.8603855498154293e-05 6.7052792707249893e-05 1.5550837591868591e-04 -9.8100430723390656e-05 1.5550837591868591e-04 4.7626614667805185e-04</location_covariance>
        <orientation>1</orientation>
      </camera>
      <camera id="37" sensor_id="0" label="0X7A5395">
        <transform>8.3251594629967074e-01 1.6975023318322277e-01 5.2735382571002976e-01 2.6771330239025403e+01 2.5803224561698512e-01 -9.6115727513978999e-01 -9.7959443994493065e-02 -1.2473977131954199e+02 4.9024132769343182e-01 2.1762709109873224e-01 -8.4397979231808951e-01 4.7297410714203856e+01 0 0 0 1</transform>
        <rotation_covariance>1.1210567244065820e-07 -4.6542814784898525e-09 3.6367628270449850e-08 -4.6542814784898517e-09 2.5190716803860683e-08 -4.6690637983067207e-09 3.6367628270449837e-08 -4.6690637983067224e-09 2.3997664263733644e-08</rotation_covariance>
        <location_covariance>7.2976199339705252e-05 -1.7665976418131859e-05 -9.5185692758497707e-05 -1.7665976418131859e-05 6.4167339491931933e-05 1.5051352727801158e-04 -9.5185692758497707e-05 1.5051352727801158e-04 4.6517839935960231e-04</location_covariance>
        <orientation>1</orientation>
      </camera>
      <camera id="38" sensor_id="0" label="0X7A5396">
