{
    "cameras": {
        "0": {
            "transform": [
                [
                    0.9903423665654291,
                    0.05588167132874608,
                    -0.12688276397955528,
                    34.290029600878434
                ],
                [
                    0.05398364130779024,
                    -0.9983731732883179,
                    -0.018351384944089978,
                    -149.108406453913
                ],
                [
                    -0.12770185377173437,
                    0.011324560376469912,
                    -0.9917479472504807,
                    57.78581554441978
                ],
                [
                    0.0,
                    0.0,
                    0.0,
                    1.0
                ]
            ],
            "center": [
                34.290029600878434,
                -149.108406453913,
                57.78581554441978
            ],
            "path": "/home/deepcat/mounts/coral3d/focal_plots/cur_sna/cur_sna_20m/cur_sna_20m_20200303/cur_sna_20m_20200303.raw/0X7A5358.jpg"
        },
        "1": {
            "transform": [
                [
                    0.9870473449916585,
                    0.05297289802800503,
                    -0.15143120820832454,
                    34.00737832233067
                ],
                [
                    0.045807216631250286,
                    -0.9976768034122756,
                    -0.0504251409275335,
                    -149.1111242135911
                ],
                [
                    -0.15375056959054206,
                    0.04283535931422128,
                    -0.987180780983405,
                    57.55201116688529
                ],
                [
                    0.0,
                    0.0,
                    0.0,
                    1.0
                ]
            ],
            "center": [
                34.00737832233067,
                -149.1111242135911,
                57.55201116688529
            ],
            "path": "/home/deepcat/mounts/coral3d/focal_plots/cur_sna/cur_sna_20m/cur_sna_20m_20200303/cur_sna_20m_20200303.raw/0X7A5359.jpg"
        },
        "2": {
            "transform": [
                [
                    0.9869747376835746,
                    0.036379127102992376,
                    -0.1567080925978741,
                    33.72552489721821
                ],
                [
                    0.038045527197579324,
                    -0.9992467516743555,
                    0.007646380091711924,
                    -149.13250362445325
                ],
                [
                    -0.15631188385627565,
                    -0.013508825984259398,
                    -0.987615363684582,
                    57.57415542178252
                ],
                [
                    0.0,
                    0.0,
                    0.0,
                    1.0
                ]
            ],
            "center": [
                33.72552489721821,
                -149.13250362445325,
                57.57415542178252
            ],
            "path": "/home/deepcat/mounts/coral3d/focal_plots/cur_sna/cur_sna_20m/cur_sna_20m_20200303/cur_sna_20m_20200303.raw/0X7A5360.jpg"
        },
        "3": {
            "transform": [
                [
                    0.97034920520508,
                    0.11578569779610713,
                    -0.21216996051217768,
                    33.42162862188423
                ],
                [
                    0.11654813027234817,
                    -0.9931446905987595,
                    -0.008953036664470254,
                    -149.82971792611852
                ],
                [
                    -0.21175210338480738,
                    -0.016040440186111254,
                    -0.9771917677665657,
                    57.64546035100406
                ],
                [
                    0.0,
                    0.0,
                    0.0,
                    1.0
                ]
            ],
            "center": [
                33.42162862188423,
                -149.82971792611852,
                57.64546035100406
            ],
            "path": "/home/deepcat/mounts/coral3d/focal_plots/cur_sna/cur_sna_20m/cur_sna_20m_20200303/cur_sna_20m_20200303.raw/0X7A5361.jpg"
        },
        "4": {
            "transform": [
                [
                    0.9828769549204938,
                    0.17826488265848187,
                    -0.04663178204803903,
                    33.11852071514358
                ],
                [
                    0.1753723759521231,
                    -0.9826630417239881,
                    -0.06014878371728007,
                    -150.22278064841922
                ],
                [
                    -0.05654574465974743,
                    0.050940926969565495,
                    -0.997099594183227,
                    57.48795805318968
                ],
                [
                    0.0,
                    0.0,
                    0.0,
                    1.0
                ]
            ],
            "center": [
                33.11852071514358,
                -150.22278064841922,
                57.48795805318968
            ],
            "path": "/home/deepcat/mounts/coral3d/focal_plots/cur_sna/cur_sna_20m/cur_sna_20m_20200303/cur_sna_20m_20200303.raw/0X7A5362.jpg"
        },
        "5": {
            "transform": [
                [
                    0.9857961015529499,
                    0.16759338077330743,
                    -0.01088599485482195,
                    33.301598775585155
                ],
                [
                    0.16422392650634404,
                    -0.975489890549876,
                    -0.1464581011683193,
                    -149.8203145073576
                ],
                [
                    -0.03516458624589451,
                    0.14259008435359005,
                    -0.989156974255447,
                    57.32364154012217
                ],
                [
                    0.0,
                    0.0,
                    0.0,
                    1.0
                ]
            ],
            "center": [
                33.301598775585155,
                -149.8203145073576,
                57.32364154012217
            ],
            "path": "/home/deepcat/mounts/coral3d/focal_plots/cur_sna/cur_sna_20m/cur_sna_20m_20200303/cur_sna_20m_20200303.raw/0X7A5363.jpg"
        },
        "6": {
            "transform": [
                [
                    0.9845517520861187,
                    0.17129812180219656,
                    0.036260183827366566,
                    33.27747940989511
                ],
                [
                    0.17481297694340653,
                    -0.9733882150210885,
                    -0.14817491673776328,
                    -149.80062669248514
                ],
                [
                    0.009913150676681193,
                    0.1522246245687565,
                    -0.9882962071760484,
                    57.38860125045813
                ],
                [
                    0.0,
                    0.0,
                    0.0,
                    1.0
                ]
            ],
            "center": [
                33.27747940989511,
                -149.80062669248514,
                57.38860125045813
            ],
            "path": "/home/deepcat/mounts/coral3d/focal_plots/cur_sna/cur_sna_20m/cur_sna_20m_20200303/cur_sna_20m_20200303.raw/0X7A5364.jpg"
        },
        "7": {
            "transform": [
                [
                    0.9737896416223248,
                    0.2169425338444313,
                    0.0683349901457645,
                    33.045047778721326
                ],
                [
                    0.22450547665724624,
                    -0.9649660541393871,
                    -0.13578588037628753,
                    -150.01720578404448
                ],
                [
                    0.03648321285148361,
                    0.14756846332404,
                    -0.9883787350060779,
                    57.6159894775957
                ],
                [
                    0.0,
                    0.0,
                    0.0,
                    1.0
                ]
            ],
            "center": [
                33.045047778721326,
                -150.01720578404448,
                57.6159894775957
            ],
            "path": "/home/deepcat/mounts/coral3d/focal_plots/cur_sna/cur_sna_20m/cur_sna_20m_20200303/cur_sna_20m_20200303.raw/0X7A5365.jpg"
        },
        "8": {
            "transform": [
                [
                    0.9774815069079799,
                    0.2072676109793807,
                    0.03962374404071382,
                    32.458313352156324
                ],
                [
                    0.20920663475315743,
                    -0.97641027395865,
                    -0.05343744832280273,
                    -149.54718075275375
                ],
                [
                    0.027613178523359667,
                    0.06052366765896894,
                    -0.9977847453358583,
                    57.65017210957445
                ],
                [
                    0.0,
                    0.0,
                    0.0,
                    1.0
                ]
            ],
            "center": [
                32.458313352156324,
                -149.54718075275375,
                57.65017210957445
            ],
            "path": "/home/deepcat/mounts/coral3d/focal_plots/cur_sna/cur_sna_20m/cur_sna_20m_20200303/cur_sna_20m_20200303.raw/0X7A5366.jpg"
        },
        "9": {
            "transform": [
                [
                    0.9770841765920145,
                    0.1766383356172523,
                    0.11876619992182426,
                    32.118775021551706
                ],
                [
                    0.17781653083479212,
                    -0.9840634172859116,
                    0.0006871109465596305,
                    -148.8399380620786
                ],
                [
                    0.1169948426871169,
                    0.02044722841708367,
                    -0.9929220098450209,
                    57.562378779817955
                ],
                [
                    0.0,
                    0.0,
                    0.0,
                    1.0
                ]
            ],
            "center": [
                32.118775021551706,
                -148.8399380620786,
                57.562378779817955
            ],
            "path": "/home/deepcat/mounts/coral3d/focal_plots/cur_sna/cur_sna_20m/cur_sna_20m_20200303/cur_sna_20m_20200303.raw/0X7A5367.jpg"
        },
        "10": {
            "transform": [
                [
                    0.9701441054167472,
                    0.20015398345634489,
                    0.13696276001780927,
                    31.692042535231078
                ],
                [
                    0.20108695570537966,
                    -0.9795474223090543,
                    0.007133280649806971,
                    -148.0939156843683
                ],
                [
                    0.13558927306494967,
                    0.02062111428229428,
                    -0.9905505129348404,
                    57.46995134878833
                ],
                [
                    0.0,
                    0.0,
                    0.0,
                    1.0
                ]
            ],
            "center": [
                31.692042535231078,
                -148.0939156843683,
                57.46995134878833
            ],
            "path": "/home/deepcat/mounts/coral3d/focal_plots/cur_sna/cur_sna_20m/cur_sna_20m_20200303/cur_sna_20m_20200303.raw/0X7A5368.jpg"
        },
        "11": {
            "transform": [
                [
                    0.9770613942870763,
                    0.17314400451958228,
                    0.12398461796818622,
                    31.65404090090575
                ],
                [
                    0.17636875052001022,
                    -0.9842030745001216,
                    -0.015439300000958693,
                    -146.8219094748135
                ],
                [
                    0.11935281996586664,
                    0.03695215614050294,
                    -0.992164019969865,
                    57.17343668887853
                ],
                [
                    0.0,
                    0.0,
                    0.0,
                    1.0
                ]
            ],
            "center": [
                31.65404090090575,
                -146.8219094748135,
                57.17343668887853
            ],
            "path": "/home/deepcat/mounts/coral3d/focal_plots/cur_sna/cur_sna_20m/cur_sna_20m_20200303/cur_sna_20m_20200303.raw/0X7A5369.jpg"
        },
        "12": {
            "transform": [
                [
                    0.967739550677271,
                    0.20496115648760146,
                    0.14653015521120344,
                    31.630742535051525
                ],
                [
                    0.20954564465650685,
                    -0.9776613327725485,
                    -0.016399427029420835,
                    -146.00195402178898
                ],
                [
                    0.1398956213054695,
                    0.0465751299801659,
                    -0.9890702565575851,
                    56.94283042063649
                ],
                [
                    0.0,
                    0.0,
                    0.0,
                    1.0
                ]
            ],
            "center": [
                31.630742535051525,
                -146.00195402178898,
                56.94283042063649
            ],
            "path": "/home/deepcat/mounts/coral3d/focal_plots/cur_sna/cur_sna_20m/cur_sna_20m_20200303/cur_sna_20m_20200303.raw/0X7A5370.jpg"
        },
        "13": {
            "transform": [
                [
                    0.9694213633189237,
                    0.20629185754564994,
                    0.13291309134635607,
                    31.20621996646914
                ],
                [
                    0.21067508238115173,
                    -0.9773586188849016,
                    -0.01965043905599507,
                    -145.1698469067122
                ],
                [
                    0.1258500298155485,
                    0.04705103188840526,
                    -0.9909328788538917,
                    56.9494334727045
                ],
                [
                    0.0,
                    0.0,
                    0.0,
                    1.0
                ]
            ],
            "center": [
                31.20621996646914,
                -145.1698469067122,
                56.9494334727045
            ],
            "path": "/home/deepcat/mounts/coral3d/focal_plots/cur_sna/cur_sna_20m/cur_sna_20m_20200303/cur_sna_20m_20200303.raw/0X7A5371.jpg"
        },
        "14": {
            "transform": [
                [
                    0.9740874646071587,
                    0.18726615460027324,
                    0.1268266479744097,
                    30.9600680437489
                ],
                [
                    0.19745574040657407,
                    -0.9775825319248023,
                    -0.07310009477411028,
                    -144.0923203832536
                ],
                [
                    0.11029434199309593,
                    0.09624853566012705,
                    -0.9892276671765661,
                    56.82807409940878
                ],
                [
                    0.0,
                    0.0,
                    0.0,
                    1.0
                ]
            ],
            "center": [
                30.9600680437489,
                -144.0923203832536,
                56.82807409940878
            ],
            "path": "/home/deepcat/mounts/coral3d/focal_plots/cur_sna/cur_sna_20m/cur_sna_20m_20200303/cur_sna_20m_20200303.raw/0X7A5372.jpg"
        },
        "15": {
            "transform": [
                [
                    0.973734766631258,
                    0.17171324712558284,
                    0.14951643727416208,
                    30.803243171824462
                ],
                [
                    0.18099884629644453,
                    -0.9821712664959755,
                    -0.050784061565098196,
                    -142.89457068927823
                ],
                [
                    0.13813045244596128,
                    0.07651250898565617,
                    -0.9874542085969326,
                    56.93134843501163
                ],
                [
                    0.0,
                    0.0,
                    0.0,
                    1.0
                ]
            ],
            "center": [
                30.803243171824462,
                -142.89457068927823,
                56.93134843501163
            ],
            "path": "/home/deepcat/mounts/coral3d/focal_plots/cur_sna/cur_sna_20m/cur_sna_20m_20200303/cur_sna_20m_20200303.raw/0X7A5373.jpg"
        },
        "16": {
            "transform": [
                [
                    0.972447974716009,
                    0.178313024764227,
                    0.15016458194316012,
                    30.61553981693899
                ],
                [
                    0.18800865119214602,
                    -0.9807394621246373,
                    -0.05294199191934048,
                    -141.72021229504108
                ],
                [
                    0.13783208460892507,
                    0.07971557332736004,
                    -0.9872424949430857,
                    56.86792322721804
                ],
                [
                    0.0,
                    0.0,
                    0.0,
                    1.0
                ]
            ],
            "center": [
                30.61553981693899,
                -141.72021229504108,
                56.86792322721804
            ],
            "path": "/home/deepcat/mounts/coral3d/focal_plots/cur_sna/cur_sna_20m/cur_sna_20m_20200303/cur_sna_20m_20200303.raw/0X7A5374.jpg"
        },
        "17": {
            "transform": [
                [
                    0.9735519879662431,
                    0.181325143367779,
                    0.1389881977350224,
                    30.49825389998873
                ],
                [
                    0.1920453358149199,
                    -0.9790314098168229,
                    -0.06794179555928553,
                    -140.9593934631249
                ],
                [
                    0.12375425535596651,
                    0.0928369052410715,
                    -0.987960623358315,
                    56.8188829436991
                ],
                [
                    0.0,
                    0.0,
                    0.0,
                    1.0
                ]
            ],
            "center": [
                30.49825389998873,
                -140.9593934631249,
                56.8188829436991
            ],
            "path": "/home/deepcat/mounts/coral3d/focal_plots/cur_sna/cur_sna_20m/cur_sna_20m_20200303/cur_sna_20m_20200303.raw/0X7A5375.jpg"
        },
        "18": {
            "transform": [
                [
                    0.9776831531581547,
                    0.17313213881847334,
                    0.11899964091907567,
                    30.237250203780253
                ],
                [
                    0.18635478479425743,
                    -0.9762186139571367,
                    -0.11076602343630451,
                    -140.088201229986
                ],
                [
                    0.09699250597347253,
                    0.1304702275300649,
                    -0.9866964951357832,
                    56.75180067378926
                ],
                [
                    0.0,
                    0.0,
                    0.0,
                    1.0
                ]
            ],
            "center": [
                30.237250203780253,
                -140.088201229986,
                56.75180067378926
            ],
            "path": "/home/deepcat/mounts/coral3d/focal_plots/cur_sna/cur_sna_20m/cur_sna_20m_20200303/cur_sna_20m_20200303.raw/0X7A5376.jpg"
        },
        "19": {
            "transform": [
                [
                    0.9912080697062452,
                    0.12375563298971172,
                    0.0468092496472122,
                    30.05532773259796
                ],
                [
                    0.12982021511245515,
                    -0.9779841289971893,
                    -0.16338223642050134,
                    -139.50252998672659
                ],
                [
                    0.025559231157746942,
                    0.16802257804510837,
                    -0.98545174360275,
                    56.60398004453379
                ],
                [
                    0.0,
                    0.0,
                    0.0,
                    1.0
                ]
            ],
            "center": [
                30.05532773259796,
                -139.50252998672659,
                56.60398004453379
            ],
            "path": "/home/deepcat/mounts/coral3d/focal_plots/cur_sna/cur_sna_20m/cur_sna_20m_20200303/cur_sna_20m_20200303.raw/0X7A5377.jpg"
        },
        "20": {
            "transform": [
                [
                    0.9949896484427766,
                    0.09933614309813557,
                    0.011310621826700257,
                    29.937558601819152
                ],
                [
                    0.09985807637501298,
                    -0.9818767641085843,
                    -0.16107881513823546,
                    -138.95718554131184
                ],
                [
                    -0.004895311471393604,
                    0.16140121058419127,
                    -0.9868767324988242,
                    56.644287650741774
                ],
                [
                    0.0,
                    0.0,
                    0.0,
                    1.0
                ]
            ],
            "center": [
                29.937558601819152,
                -138.95718554131184,
                56.644287650741774
            ],
            "path": "/home/deepcat/mounts/coral3d/focal_plots/cur_sna/cur_sna_20m/cur_sna_20m_20200303/cur_sna_20m_20200303.raw/0X7A5378.jpg"
        },
        "21": {
            "transform": [
                [
                    0.994239089611535,
                    0.1049316817853247,
                    0.02186263584586004,
                    29.989425529223716
                ],
                [
                    0.10705995719913612,
                    -0.9820524406406965,
                    -0.1552777169981897,
                    -138.39811089528808
                ],
                [
                    0.005176702902859882,
                    0.1567237888431562,
                    -0.9876289058941626,
                    56.37501573860634
                ],
                [
                    0.0,
                    0.0,
                    0.0,
                    1.0
                ]
            ],
            "center": [
                29.989425529223716,
                -138.39811089528808,
                56.37501573860634
            ],
            "path": "/home/deepcat/mounts/coral3d/focal_plots/cur_sna/cur_sna_20m/cur_sna_20m_20200303/cur_sna_20m_20200303.raw/0X7A5379.jpg"
        },
        "22": {
            "transform": [
                [
                    0.9923703761690512,
                    0.10648911606271279,
                    0.06213778771631154,
                    30.084116148258783
                ],
                [
                    0.11850669257682801,
                    -0.9629061095196414,
                    -0.24242109657422445,
                    -137.57245361925166
                ],
                [
                    0.034017647134928206,
                    0.24793525850497872,
                    -0.9681791710595062,
                    55.6002625433157
                ],
                [
                    0.0,
                    0.0,
                    0.0,
                    1.0
                ]
            ],
            "center": [
                30.084116148258783,
                -137.57245361925166,
                55.6002625433157
            ],
            "path": "/home/deepcat/mounts/coral3d/focal_plots/cur_sna/cur_sna_20m/cur_sna_20m_20200303/cur_sna_20m_20200303.raw/0X7A5380.jpg"
        },
        "23": {
            "transform": [
                [
                    0.9797052518441045,
                    0.13841185855003668,
                    0.14498198826683628,
                    29.977465043407058
                ],
                [
                    0.17391830176766382,
                    -0.9465770085969204,
                    -0.27155918527267253,
                    -136.69114646689187
                ],
                [
                    0.09964960521413134,
                    0.29126298118441096,
                    -0.9514388219808131,
                    54.83032318302791
                ],
                [
                    0.0,
                    0.0,
                    0.0,
                    1.0
                ]
            ],
            "center": [
                29.977465043407058,
                -136.69114646689187,
                54.83032318302791
            ],
            "path": "/home/deepcat/mounts/coral3d/focal_plots/cur_sna/cur_sna_20m/cur_sna_20m_20200303/cur_sna_20m_20200303.raw/0X7A5381.jpg"
        },
        "24": {
            "transform": [
                [
                    0.9682615363678038,
                    0.13856137120328388,
                    0.20801524848175398,
                    29.7692467241143
                ],
                [
                    0.19252283115475166,
                    -0.9442147303040959,
                    -0.26719562601383023,
                    -136.2070986963548
                ],
                [
                    0.15938806942434286,
                    0.2987629319159745,
                    -0.9409230328980959,
                    54.22979492819298
                ],
                [
                    0.0,
                    0.0,
                    0.0,
                    1.0
                ]
            ],
            "center": [
                29.7692467241143,
                -136.2070986963548,
                54.22979492819298
            ],
            "path": "/home/deepcat/mounts/coral3d/focal_plots/cur_sna/cur_sna_20m/cur_sna_20m_20200303/cur_sna_20m_20200303.raw/0X7A5382.jpg"
        },
        "25": {
            "transform": [
                [
                    0.9709981997542705,
                    0.15832735736667664,
                    0.179150618149226,
                    29.520417225864247
                ],
                [
                    0.20166569977147505,
                    -0.9448665906780159,
                    -0.25798851012435664,
                    -135.57864142209056
                ],
                [
                    0.1284267947495626,
                    0.286634913661592,
                    -0.9493929558726278,
                    53.939948849793346
                ],
                [
                    0.0,
                    0.0,
                    0.0,
                    1.0
                ]
            ],
            "center": [
                29.520417225864247,
                -135.57864142209056,
                53.939948849793346
            ],
            "path": "/home/deepcat/mounts/coral3d/focal_plots/cur_sna/cur_sna_20m/cur_sna_20m_20200303/cur_sna_20m_20200303.raw/0X7A5383.jpg"
        },
        "26": {
            "transform": [
                [
                    0.9723997332462675,
                    0.1257856564382192,
                    0.196511392588301,
                    29.51936152764433
                ],
                [
                    0.17066244158024288,
                    -0.9577648712486581,
                    -0.23143202551918263,
                    -134.61181689480017
                ],
                [
                    0.15910087937047163,
                    0.25858155393695015,
                    -0.9527971925583612,
                    53.57737275740416
                ],
                [
                    0.0,
                    0.0,
                    0.0,
                    1.0
                ]
            ],
            "center": [
                29.51936152764433,
                -134.61181689480017,
                53.57737275740416
            ],
            "path": "/home/deepcat/mounts/coral3d/focal_plots/cur_sna/cur_sna_20m/cur_sna_20m_20200303/cur_sna_20m_20200303.raw/0X7A5384.jpg"
        },
        "27": {
            "transform": [
                [
                    0.9700414550510865,
                    0.12128705646347529,
                    0.21049709123119884,
                    29.510523416004684
                ],
                [
                    0.16403974749119304,
                    -0.9661148680913727,
                    -0.1992812657923856,
                    -133.74470416096764
                ],
                [
                    0.1791941313921735,
                    0.22784097872686454,
                    -0.9570673705060628,
                    53.13547667996105
                ],
                [
                    0.0,
                    0.0,
                    0.0,
                    1.0
                ]
            ],
            "center": [
                29.510523416004684,
                -133.74470416096764,
                53.13547667996105
            ],
            "path": "/home/deepcat/mounts/coral3d/focal_plots/cur_sna/cur_sna_20m/cur_sna_20m_20200303/cur_sna_20m_20200303.raw/0X7A5385.jpg"
        },
        "28": {
            "transform": [
                [
                    0.9587271006019008,
                    0.13894493352083984,
                    0.24806582195127538,
                    29.133281449191575
                ],
                [
                    0.1824109733398496,
                    -0.9698224785702434,
                    -0.16177328847828248,
                    -132.60180343615212
                ],
                [
                    0.21810223148028798,
                    0.20034636385210058,
                    -0.9551401735423761,
                    52.55640095724096
                ],
                [
                    0.0,
                    0.0,
                    0.0,
                    1.0
                ]
            ],
            "center": [
                29.133281449191575,
                -132.60180343615212,
                52.55640095724096
            ],
            "path": "/home/deepcat/mounts/coral3d/focal_plots/cur_sna/cur_sna_20m/cur_sna_20m_20200303/cur_sna_20m_20200303.raw/0X7A5386.jpg"
        },
        "29": {
            "transform": [
                [
                    0.963407210401157,
                    0.12973556231751165,
                    0.23455325795482024,
                    28.688311665333114
                ],
                [
                    0.16659062897226407,
                    -0.9753391943447356,
                    -0.14477920539079076,
                    -131.61430697431436
                ],
                [
                    0.2099859740213305,
                    0.1785557051598248,
                    -0.9612615413451179,
                    52.034449047234766
                ],
                [
                    0.0,
                    0.0,
                    0.0,
                    1.0
                ]
            ],
            "center": [
                28.688311665333114,
                -131.61430697431436,
                52.034449047234766
            ],
            "path": "/home/deepcat/mounts/coral3d/focal_plots/cur_sna/cur_sna_20m/cur_sna_20m_20200303/cur_sna_20m_20200303.raw/0X7A5387.jpg"
        },
        "30": {
            "transform": [
                [
                    0.9499661476301078,
                    0.14919804402245948,
                    0.27441622039647234,
                    28.299009461748962
                ],
                [
                    0.19345787721986532,
                    -0.9707936105042461,
                    -0.14189367690533033,
                    -130.72429848104588
                ],
                [
                    0.24523125432619014,
                    0.18788216909542788,
                    -0.951084603196583,
                    51.64338148005511
                ],
                [
                    0.0,
                    0.0,
                    0.0,
                    1.0
                ]
            ],
            "center": [
                28.299009461748962,
                -130.72429848104588,
                51.64338148005511
            ],
            "path": "/home/deepcat/mounts/coral3d/focal_plots/cur_sna/cur_sna_20m/cur_sna_20m_20200303/cur_sna_20m_20200303.raw/0X7A5388.jpg"
        },
        "31": {
            "transform": [
                [
                    0.9415060004887961,
                    0.15130431328407645,
                    0.3011203344598741,
                    28.084422351166964
                ],
                [
                    0.1964520357147024,
                    -0.9724328171217097,
                    -0.12562250534153765,
                    -129.95171337642765
                ],
                [
                    0.2738120682277201,
                    0.17743004527522738,
                    -0.9452753727493853,
                    51.35898849232225
                ],
                [
                    0.0,
                    0.0,
                    0.0,
                    1.0
                ]
            ],
            "center": [
                28.084422351166964,
                -129.95171337642765,
                51.35898849232225
            ],
            "path": "/home/deepcat/mounts/coral3d/focal_plots/cur_sna/cur_sna_20m/cur_sna_20m_20200303/cur_sna_20m_20200303.raw/0X7A5389.jpg"
        },
        "32": {
            "transform": [
                [
                    0.9390292655403778,
                    0.16075745673118202,
                    0.3039425580007219,
                    27.769230467603226
                ],
                [
                    0.20839068248947173,
                    -0.9692054998597108,
                    -0.13120221984882638,
                    -128.9055047294399
                ],
                [
                    0.27349106367534615,
                    0.18654152124127682,
                    -0.9436126848144416,
                    50.66045804828649
                ],
                [
                    0.0,
                    0.0,
                    0.0,
                    1.0
                ]
            ],
            "center": [
                27.769230467603226,
                -128.9055047294399,
                50.66045804828649
            ],
            "path": "/home/deepcat/mounts/coral3d/focal_plots/cur_sna/cur_sna_20m/cur_sna_20m_20200303/cur_sna_20m_20200303.raw/0X7A5390.jpg"
        },
        "33": {
            "transform": [
                [
                    0.9223955596033404,
                    0.14652511480156447,
                    0.3573749044860701,
                    27.556498036740084
                ],
                [
                    0.20552637178701288,
                    -0.9695805232564536,
                    -0.13293802850128544,
                    -127.65565881175233
                ],
                [
                    0.32702498700268434,
                    0.19607141467876024,
                    -0.9244515445504776,
                    49.84617025659393
                ],
                [
                    0.0,
                    0.0,
                    0.0,
                    1.0
                ]
            ],
            "center": [
                27.556498036740084,
                -127.65565881175233,
                49.84617025659393
            ],
            "path": "/home/deepcat/mounts/coral3d/focal_plots/cur_sna/cur_sna_20m/cur_sna_20m_20200303/cur_sna_20m_20200303.raw/0X7A5391.jpg"
        },
        "34": {
            "transform": [
                [
                    0.8657236783838139,
                    0.1683371411254051,
                    0.4713651658781377,
                    27.29943429539173
                ],
                [
                    0.21538500961021717,
                    -0.9753856063663975,
                    -0.04724633878367404,
                    -126.83601281727933
                ],
                [
                    0.4518094845405591,
                    0.14242726498455452,
                    -0.880671711745196,
                    49.11419699394346
                ],
                [
                    0.0,
                    0.0,
                    0.0,
                    1.0
                ]
            ],
            "center": [
                27.29943429539173,
                -126.83601281727933,
                49.11419699394346
            ],
            "path": "/home/deepcat/mounts/coral3d/focal_plots/cur_sna/cur_sna_20m/cur_sna_20m_20200303/cur_sna_20m_20200303.raw/0X7A5392.jpg"
        },
        "35": {
            "transform": [
                [
                    0.8503030877832339,
                    0.15853422313394125,
                    0.5018481433677073,
                    27.079834316075427
                ],
                [
                    0.23803346469417647,
                    -0.9662943862947889,
                    -0.09805727255467786,
                    -126.22832551833504
                ],
                [
                    0.4693876101815893,
                    0.20283505394900062,
                    -0.8593795507792364,
                    48.364187423131895
                ],
                [
                    0.0,
                    0.0,
                    0.0,
                    1.0
                ]
            ],
            "center": [
                27.079834316075427,
                -126.22832551833504,
                48.364187423131895
            ],
            "path": "/home/deepcat/mounts/coral3d/focal_plots/cur_sna/cur_sna_20m/cur_sna_20m_20200303/cur_sna_20m_20200303.raw/0X7A5393.jpg"
        },
        "36": {
            "transform": [
                [
                    0.8211578186849412,
                    0.17182214798598935,
                    0.5442214496637092,
                    26.94336598945176
                ],
                [
                    0.28041558007888,
                    -0.9520252982884919,
                    -0.12253543923180957,
                    -125.50215686138166
                ],
                [
                    0.49705828557787224,
                    0.25322910749001204,
                    -0.8299446245733492,
                    47.86039937026151
                ],
                [
                    0.0,
                    0.0,
                    0.0,
                    1.0
                ]
            ],
            "center": [
                26.94336598945176,
                -125.50215686138166,
